6167 2741 2384
2 71 1059
2 355 697
2 1970 2509
2 140 3584
1 413 5831
1 1578 5986
1 3400 3832
2 3299 4105
1 899 3423
2 680 1696
1 2474 3192
1 3889 5774
1 1656 6125
2 539 5239
2 3008 5651
1 728 4924
2 374 4127
1 2685 2919
2 427 5009
2 5688 5894
1 1409 3420
1 4150 4452
2 1078 4409
1 207 2827
2 3289 4640
2 3396 4841
2 3229 5195
2 1946 5448
1 2289 3799
1 1127 4951
2 192 4512
1 4341 4921
1 677 4478
1 3503 5689
1 2051 5972
2 997 2150
2 4342 5379
1 5647 6085
2 2207 4895
1 1558 4759
1 593 4529
1 3047 3282
2 1592 3786
2 1114 4192
2 2344 4804
1 3888 4766
1 1626 2940
2 3846 5985
2 1382 2573
1 576 5557
2 1408 6147
1 4455 5742
1 2073 3510
2 97 4807
2 159 3440
2 4046 5548
1 930 5065
1 2174 2367
2 2439 3555
2 4130 4716
2 844 4109
1 73 3683
2 2452 4010
2 2517 4798
1 531 5956
1 596 4775
1 2875 5660
2 3286 3915
1 983 4059
1 2035 5698
1 374 5566
2 1873 5764
2 1141 4249
1 4806 5938
2 302 2144
2 335 5807
2 2607 3209
2 337 957
2 274 1665
1 381 2308
2 3133 3226
1 697 2729
2 811 1851
1 715 875
2 2096 4445
2 4084 6117
2 1950 4566
1 2286 3933
2 1845 5376
2 738 5756
2 588 4240
2 2238 4937
2 1018 2046
2 939 4187
1 115 631
2 1490 3475
1 5228 6055
1 3820 4022
1 457 923
2 1661 3332
1 2348 3674
2 5911 5922
1 762 6058
1 2262 3126
1 767 5182
2 2290 2490
1 1550 3156
1 830 5970
2 162 1286
2 1155 4617
1 1736 2224
2 1816 1978
2 2091 3294
2 815 5838
2 10 1581
2 3316 5297
1 517 3711
2 3513 5199
1 2792 5100
1 87 1307
2 2909 3249
2 323 591
2 868 3840
1 1907 3510
1 4945 6071
2 2093 4508
2 4009 4036
1 317 4493
2 2543 3622
2 3470 3849
2 590 1768
1 2289 2606
2 47 3474
2 1098 5380
1 542 4389
2 3093 5049
1 2353 4316
2 5322 6059
1 896 4939
1 2241 2996
2 441 5435
1 1134 1556
1 1602 3575
2 3689 4125
2 2346 2570
2 4970 5439
1 3050 4722
1 2204 3767
2 4526 5879
1 2780 5791
2 3220 3385
1 2995 5779
1 4612 5210
2 3559 6157
2 149 6129
1 2275 4931
2 4708 4911
2 2511 5290
2 3648 5763
2 3271 5007
2 325 489
1 2502 4909
1 1494 3951
1 3514 5366
2 773 3491
1 3047 5813
1 3013 4092
2 2136 3993
2 1731 2783
2 571 6098
2 2321 6025
2 4822 5856
2 1575 5298
2 3185 5088
1 3837 6056
2 1295 4908
2 2832 4316
2 2084 6081
1 4866 5615
2 1203 4797
2 1488 6080
2 3686 5769
1 4626 4899
2 3342 3348
1 2695 3230
1 2813 5950
2 5525 5978
1 1247 5438
2 3392 4886
2 1347 2526
1 2231 4260
2 3205 4255
2 193 1663
1 269 3872
1 2963 3156
1 109 1035
1 845 1970
2 1921 2091
1 741 3955
2 3266 4687
2 755 4049
1 3323 5010
2 461 2198
2 1230 5759
1 2747 5030
2 4282 5893
2 84 1797
2 3225 3430
1 1217 5349
1 1162 1451
2 5066 5210
2 2032 3791
2 1247 2203
2 3903 5461
2 2765 4247
2 1255 3916
1 971 4037
2 4349 5621
1 583 4803
1 1512 3725
2 410 5391
1 3070 3867
1 1328 5759
1 2048 4167
1 127 740
1 1381 2911
2 677 1771
2 2139 5025
2 5607 5937
2 1468 4590
1 2902 5239
2 64 2142
2 1016 3159
1 1158 3214
2 3148 3323
1 66 1105
2 2977 3262
2 1079 5401
2 429 4802
1 992 1896
2 57 4861
2 120 4397
1 2561 3059
1 1623 5774
1 2233 2754
2 4396 5284
1 3199 3520
2 2677 4598
1 2439 3232
1 1640 5650
2 5430 5769
2 3551 5424
1 2316 3813
1 2492 3938
1 1429 2328
2 1084 2171
2 2080 4282
1 509 791
2 2912 3229
2 1002 4868
1 2413 5557
2 2455 4366
2 3438 5467
1 3447 5929
1 2459 3516
2 945 5650
1 1791 3024
2 1451 3532
2 1702 2394
2 401 4129
2 375 4057
1 2573 4255
2 3554 5086
2 833 5174
1 3291 4457
2 4200 5169
2 5538 5990
2 706 2700
1 1406 5093
1 593 5493
2 1332 4808
2 1213 1461
1 1214 1557
1 1989 2978
2 279 1188
2 2914 5447
2 77 843
1 782 1795
2 1538 3613
1 2983 5631
1 796 3815
2 3682 5021
1 4314 4895
1 2419 3131
2 1357 4318
1 2490 5012
1 531 4758
1 386 3466
2 1923 2933
2 164 2751
2 1894 3978
2 2831 5844
1 1524 2403
2 3502 4822
2 11 4153
1 281 5082
2 549 2238
2 2260 5703
2 1437 3895
2 478 4226
1 312 2372
2 45 3474
2 2033 4998
1 3758 4174
2 1743 3278
2 533 657
2 2631 3129
2 4315 4890
2 1585 5887
2 3214 5811
2 1381 2130
1 283 1426
2 4884 6008
2 2891 4653
1 1 526
2 1959 5428
1 346 4444
1 4661 5697
1 319 4380
2 260 2852
2 240 5420
2 523 2043
2 1789 2140
2 274 2492
2 435 2225
1 119 1485
1 1188 3312
1 717 1542
2 2461 6087
1 2721 6050
1 915 3399
1 701 3328
1 2424 4266
1 590 4978
1 1024 5681
2 218 2569
1 4306 5880
2 2572 2680
2 758 2599
1 1896 3908
2 81 1145
2 3408 5374
2 1091 5384
2 5756 6068
1 1660 5582
1 1058 5955
2 622 826
1 1626 4619
2 4568 5376
1 2531 3803
2 1018 3675
2 2881 3057
1 3523 4370
2 4537 5207
2 29 466
1 1242 5768
2 1304 2067
1 2719 5118
2 2072 4944
2 2580 4024
2 5023 5141
1 172 1912
1 1463 1540
2 2005 2417
2 3896 4698
1 1652 3497
2 1089 4800
1 1147 2778
1 1083 4849
1 1653 4131
1 3105 4753
2 4702 5360
1 1423 4106
1 207 3840
1 2270 3796
2 4361 5448
1 1795 2952
1 4368 5035
1 5450 6069
2 2361 5880
1 946 2102
1 32 1564
1 1298 5669
2 1134 4104
1 3403 4172
1 1969 3022
1 3262 5973
2 4614 4840
1 4001 4742
1 2070 4454
1 1814 4270
2 3271 3406
2 3929 4569
1 3931 5875
2 751 1935
2 3904 5590
1 2424 4968
2 2296 6141
2 130 5513
2 2199 5594
1 301 3293
1 1938 5133
1 2145 4320
2 3280 4027
1 37 806
2 3161 5626
1 2369 4427
2 2809 5826
2 3347 5171
1 3885 6023
2 3149 4135
2 1457 5086
1 1063 3476
1 3896 5768
2 407 2079
2 2197 4993
1 1194 2902
2 5428 6031
1 4033 5289
2 3176 6101
1 2569 4371
1 2942 4026
2 1334 1903
1 443 5230
2 2567 3010
1 22 5612
2 2924 2932
1 2787 6104
1 1341 1908
1 3175 3268
2 123 1471
2 219 5838
1 659 1574
1 2161 3442
2 284 4690
2 1155 2884
2 4644 5512
1 4283 5449
2 622 1756
2 5222 6113
2 5344 6053
1 821 2395
2 1479 5613
2 3640 3998
1 2871 3588
2 305 4311
1 207 1031
2 4489 5415
1 1503 1677
2 1273 1449
1 1334 4136
2 3729 5154
1 2992 4600
1 3856 5254
1 560 4790
2 129 6036
1 1159 2269
1 1832 4014
1 4934 5039
1 40 1945
2 4073 5601
1 2062 4588
1 871 2838
1 1159 1924
1 345 1973
1 1841 4545
2 2881 5536
1 1424 3382
2 2253 5882
1 4198 5675
2 2175 3529
2 1434 5590
1 293 1106
2 2878 5377
2 2596 4648
2 373 3025
1 5872 5906
2 194 1162
2 876 2515
2 383 5028
2 1413 3983
1 4824 5417
2 355 489
1 418 991
1 3586 3696
2 2779 5384
2 5088 5128
1 679 5282
1 1036 3055
1 1915 3646
1 3327 5712
2 398 1983
2 2099 3898
1 4093 5741
2 3269 4222
2 2832 6047
1 266 4467
2 944 1098
2 3406 3632
1 884 2301
1 1855 2778
1 2496 3678
2 1464 5777
1 786 5128
1 3182 3950
1 1273 4532
2 998 4330
1 2095 3049
2 986 3734
2 4712 6047
2 1322 4107
2 752 3817
2 539 806
2 15 1324
2 224 532
1 3700 5063
1 2315 3226
2 1195 1533
2 2444 5267
2 405 2358
2 4581 5938
2 1948 2491
2 4078 4179
2 534 4194
2 2116 5843
1 2139 3375
2 948 4860
2 2142 2411
2 3483 6012
2 3628 5539
2 2041 6140
1 3320 4531
1 3867 5743
1 1112 5826
2 656 3201
1 731 5339
2 5458 5869
2 3127 3324
1 442 2312
2 1240 1824
2 1212 1741
2 1428 4531
1 4489 5533
1 1903 4135
2 2558 4659
1 3432 4714
2 2264 5842
2 618 2998
2 3966 5309
1 990 2392
1 1642 5558
2 819 5759
1 566 2073
2 2253 4700
2 3191 3517
2 389 1881
1 5451 5570
1 1447 3636
1 4947 5412
2 234 1959
2 1636 3301
2 1098 2893
1 224 1776
1 1818 2476
2 2337 5992
1 1639 2097
2 404 2348
1 4552 5983
2 22 5531
2 910 3406
2 106 5042
1 4859 6139
1 3173 5690
1 918 4991
1 2272 2586
2 2074 4682
2 345 5183
2 1527 4896
1 5484 5685
1 1853 2518
2 2637 3384
1 2076 6057
1 2887 3024
1 4681 5367
2 1471 4209
1 4971 4988
2 2664 3986
2 771 2687
1 87 2526
1 3812 4030
1 911 1925
2 3241 4476
2 3272 6127
2 3815 4641
2 4108 6032
1 4354 4668
2 850 3244
1 2164 3537
2 1321 5979
2 4571 5133
2 1302 5016
1 2677 5777
2 2882 3839
1 1857 1955
1 500 1819
2 1745 2040
1 2383 4988
1 984 1970
1 2222 2327
1 625 4196
2 899 3927
2 5001 5583
1 4098 5737
2 1213 4425
1 1713 4438
2 2392 3752
2 4699 6135
2 3114 3363
1 5066 5690
1 3597 3718
2 2519 2904
1 2319 2742
1 1888 2574
1 547 1572
2 473 6009
2 2233 3644
1 2190 3819
1 2814 5304
2 2792 4202
2 3057 4992
2 834 4501
2 3575 4908
2 1407 5575
2 1953 4173
1 2557 3852
1 2754 5505
1 405 6037
1 3218 3222
1 1269 2343
1 1519 2412
1 1457 6019
2 18 3406
1 2931 5593
1 3598 5770
2 1413 5439
2 750 4950
2 2045 3378
2 2569 5266
1 2323 2867
2 1536 5278
2 1994 5232
2 658 3593
2 788 5014
1 5556 6043
1 1368 5314
1 5522 5773
2 2023 2732
1 560 4844
1 4308 6142
1 2541 5843
2 1884 4907
1 3759 5819
1 5031 5972
2 5093 5360
2 560 2586
1 1591 2916
1 3996 5039
2 2379 5142
2 1286 5116
1 2916 3060
2 4799 5371
2 4933 5877
2 5153 6166
2 350 5645
2 2935 6012
2 5525 5851
2 5105 5819
1 1252 1316
1 95 4027
2 1820 2346
2 1549 4646
2 1470 1740
2 2053 2151
2 1628 2439
2 2898 4870
2 267 2256
1 106 1907
1 4584 4984
2 2669 4679
2 729 1757
2 235 3129
1 1704 5587
2 1587 5182
2 437 1454
2 1582 4378
1 345 1848
1 3379 3588
2 2196 5768
2 123 4522
2 851 2561
2 1520 5406
1 3452 4825
1 1671 2383
2 2039 2107
1 7 1743
1 2087 5613
1 933 3993
1 533 4279
2 313 2981
2 2874 3047
2 4868 5819
2 757 4529
1 745 4516
1 2548 4209
1 3460 4215
1 4526 5086
2 2911 4125
2 935 1022
1 1366 5429
2 1919 3734
2 2434 4749
2 2076 3190
1 2802 2964
1 771 1882
2 3069 4230
1 4014 5999
2 3397 4848
1 4331 6055
1 955 3054
1 1792 4300
2 2881 3402
2 4957 6090
2 972 3017
2 157 4191
2 3226 5451
1 3057 4758
1 3163 4409
2 2230 3050
2 1073 1363
2 2028 4580
2 550 3240
1 1505 4588
1 908 5559
2 4701 5008
1 3097 4291
1 2881 5722
1 1453 2549
2 580 4778
1 1109 5463
1 3137 5134
1 2937 5112
1 449 5047
1 1204 2782
1 1804 2742
1 2560 5838
2 374 652
2 2670 3530
2 1961 4109
2 4830 5727
1 3797 4689
1 566 3488
1 871 4101
2 2075 4561
2 3878 5838
1 270 5955
2 2069 4196
2 577 4738
1 531 931
2 90 6063
1 37 6137
2 3525 4605
2 2018 2884
1 1277 1304
2 947 3372
1 735 4866
2 189 6031
1 1679 2191
2 2283 3122
2 2253 3017
1 886 2986
1 1424 3315
1 2995 4867
1 3 2119
1 4743 4801
1 336 3499
1 939 3362
2 300 5036
2 2962 4008
2 93 1418
1 979 1389
2 2823 5719
1 1614 3972
2 3289 6090
1 73 6091
2 259 5396
1 1972 2623
1 2917 3477
2 2431 5878
1 2554 4507
1 4858 5369
1 2024 2027
2 3472 3638
2 759 2189
1 2257 2335
2 1114 2911
1 4818 4882
1 3617 5716
2 2172 6048
1 2635 5813
1 3190 5929
1 3214 6150
1 518 3920
2 920 4133
2 300 4010
1 2283 2840
2 814 2916
2 2464 4819
2 4148 6061
2 2528 6040
2 4318 5717
2 958 3223
1 4151 4877
1 3976 5797
2 5065 5984
2 1180 5508
1 1775 3419
1 2071 4349
2 1477 4373
1 1349 5703
2 925 1937
2 4099 4147
2 2131 3308
1 1365 3034
1 1181 2151
2 1567 1947
1 3721 5249
2 3329 5678
1 1534 3830
1 1874 2496
1 3872 4432
1 3790 3993
1 930 1756
1 4396 5389
2 1924 2798
2 4517 5790
2 130 3548
1 1256 5808
1 1035 4896
1 2028 3716
1 3004 5899
2 3217 5150
2 739 1410
2 4584 5134
2 891 1530
1 666 2508
2 4006 4213
1 4484 5468
1 1761 2123
2 2722 5476
2 2313 5815
2 788 2432
1 2197 4264
2 858 2040
1 3569 4266
1 1335 5730
2 5340 5391
2 440 5083
2 1296 2464
2 3732 5185
2 92 2028
2 56 3949
2 3472 4660
1 4329 5260
1 3854 4827
1 543 3416
2 3091 4065
2 4504 5110
2 1058 1689
2 28 48
2 2076 5268
1 1913 3557
2 2049 5512
1 2568 5140
1 1227 2067
2 1770 3987
2 119 1075
2 488 3502
2 103 3602
2 5055 5334
1 4842 5581
2 1326 5867
2 670 6100
2 1069 2210
1 3135 4075
1 2380 5052
1 3454 4704
2 788 827
2 2316 4305
2 1483 4100
1 1583 3943
1 1283 5860
2 426 1215
1 3208 4850
1 3815 4184
1 4494 5649
1 3030 4511
2 3492 5282
1 3420 4385
1 2713 2778
2 553 1353
1 1672 4148
1 3523 3528
1 1989 3577
2 5804 6120
1 5285 5630
1 2778 3629
1 1954 2379
2 596 3344
1 2308 4734
1 2754 6087
1 4782 5493
2 3352 4279
1 1688 3135
2 3027 3066
1 935 3954
2 565 4763
2 2518 4027
1 1120 2405
2 888 3427
2 13 722
2 54 3960
2 2703 3405
1 227 1798
1 4825 5906
2 1018 5055
2 3321 5780
1 474 5065
2 1303 1431
2 2190 2983
1 3102 4337
2 2129 5992
1 90 2041
2 316 3794
2 55 1067
1 1406 5109
1 3688 5699
2 5587 5814
2 850 2280
2 3832 6033
2 2193 2304
2 3443 4754
1 742 1091
1 831 4535
2 3795 5602
2 840 5416
2 1797 3314
1 2250 2870
2 83 5149
1 273 645
1 2576 4821
2 1163 2426
1 2159 2253
2 3407 4509
1 230 3563
1 2811 3274
1 1383 1944
2 4301 5058
1 400 1336
1 1044 5387
1 1123 2362
1 2954 3548
2 822 5706
2 4372 5599
1 4002 4601
1 1839 3134
2 336 1941
2 3840 6063
2 1231 3867
1 1877 4302
2 3583 5664
1 698 2450
2 402 4698
1 2357 5555
1 4080 4815
1 486 4624
1 1812 2426
2 1525 1808
1 2120 5391
1 2832 3525
1 2366 4586
1 4148 4490
1 4891 5832
2 2506 3739
2 1845 4591
1 301 561
1 2112 5832
2 530 5345
2 1290 1298
1 3280 4129
2 2406 2547
1 1027 1954
1 1618 3524
2 4551 5356
1 1650 5205
1 1024 2137
2 688 3109
2 2643 3192
2 3372 3932
2 1045 4202
1 3450 3816
2 1054 5902
2 2781 3259
2 3068 3231
2 1445 4718
2 687 1504
1 1863 5222
2 1018 2246
2 876 4092
1 2296 5078
1 4152 4628
2 4766 5205
1 1818 2115
1 307 5823
1 1751 5403
1 4021 4680
1 1801 5088
2 675 2819
2 331 743
2 3039 3919
1 2925 3809
2 1523 2408
1 741 3638
2 2332 4719
2 2249 5380
2 717 4659
1 1297 3579
2 2357 5680
1 1269 5662
1 5101 5187
2 4255 4877
2 495 2636
1 859 2661
2 251 898
2 2670 3925
1 25 6067
1 1196 3485
2 2579 4978
2 3065 4472
2 979 4832
2 1930 3541
1 9 5806
1 297 867
2 3191 6017
2 5548 5860
1 1143 4291
1 2951 6053
2 2465 5190
1 788 2200
1 1766 1905
1 629 3696
1 3334 3607
1 2338 5056
2 4906 5155
1 3481 4286
1 2409 4305
1 288 618
2 3634 5808
2 1049 3266
1 2935 5170
1 1057 4912
2 4261 4663
1 2259 5045
2 529 2672
1 5369 6152
2 420 5716
1 2779 6003
2 4895 5024
1 1202 4992
1 4137 5748
2 2102 4307
1 3577 3826
2 2218 2704
1 1174 3232
1 3859 5035
1 847 5704
2 1919 2316
2 2183 2598
2 2849 4938
2 51 2429
2 334 4530
2 1939 3099
1 4359 5582
2 589 1711
1 3161 5623
2 1729 6021
1 3647 3688
1 1088 1190
1 5013 6026
1 3871 6076
1 1668 2123
1 4682 4766
2 158 2958
1 4504 6094
2 1173 4513
1 3126 4366
2 3190 3312
1 2254 4502
2 3347 3916
1 1050 2258
2 3029 4599
1 3113 3587
2 4696 6084
1 3254 4458
2 5630 5753
1 4014 4392
2 1037 3334
2 1181 4716
1 115 2464
2 334 4722
2 1887 3009
1 1854 5107
1 759 3196
2 282 794
1 1293 2182
2 489 5685
2 2851 4587
2 1089 4031
2 2092 5571
1 1701 5904
1 1623 2359
2 563 2874
1 1760 2747
2 600 4967
1 981 2471
1 489 1469
2 1314 2520
1 3829 5588
2 2463 5920
1 1801 2879
1 496 1120
1 4795 4872
2 387 4311
1 986 2205
1 380 4882
1 5370 6014
1 258 1723
1 2569 4944
1 2753 5031
1 2090 6132
2 3080 4635
1 3077 3340
2 2909 5062
1 372 5053
1 751 3842
2 2024 3612
1 108 3707
2 2483 5511
1 3834 5235
1 1910 5199
2 3538 4290
2 998 1873
1 2194 2501
1 1079 5817
1 4920 5377
1 3651 3790
1 2554 5324
2 4605 6093
1 3057 3760
2 928 3224
1 5217 5481
1 38 1473
2 5400 5527
2 3016 5049
1 4258 5618
2 3167 4230
2 123 5721
1 4158 5890
1 1805 2474
1 4380 5697
2 269 1246
1 306 3075
2 610 1091
1 337 4107
2 2569 3557
1 3045 4979
2 270 4594
2 4316 5626
2 6120 6166
1 4298 4332
1 837 3357
2 3911 4317
1 4520 5323
2 116 821
1 1366 2684
2 1428 2921
2 3190 6082
1 4074 4122
2 152 4072
1 82 3628
2 2243 2393
2 392 3546
1 264 5715
2 1794 4240
1 3159 6154
1 5458 6012
1 4492 5926
2 525 3880
2 2300 5458
1 798 4026
1 3190 5343
1 1329 1994
1 1226 2258
1 330 901
2 316 2117
1 1033 6016
2 501 5524
2 1307 5768
2 1349 5032
2 2891 3854
1 2393 3492
1 4600 4821
1 1305 5773
2 3178 3631
1 2376 5747
1 5595 6159
2 5045 6095
2 954 5115
1 2303 2898
2 1397 1415
2 693 3807
2 2239 4604
2 3271 4342
2 169 1707
1 3919 5509
1 759 3243
2 3599 5803
2 4737 4750
1 2440 2907
1 4303 5175
1 255 6059
1 117 5694
1 2555 4458
2 2147 6053
2 5230 5368
1 2002 2305
2 1162 5655
2 3069 5898
2 2862 3596
2 216 4030
1 3725 5347
2 1558 4873
1 203 1261
2 4833 4971
1 3852 4033
1 3500 6034
2 781 3906
1 3947 5275
1 1969 5422
2 2184 3637
2 1167 6154
2 2724 4184
2 3756 4352
1 1619 3155
2 2219 2265
2 1881 5764
2 4928 5273
1 3659 4133
2 3201 3388
1 857 1598
2 2269 4023
1 1711 5628
2 5466 5939
2 2344 2768
1 4430 4562
2 276 3957
1 35 5548
1 1635 4466
1 2925 3767
2 1701 4522
1 2378 4669
2 1211 1838
2 1609 3327
2 3628 5803
2 2343 4065
2 3280 3322
1 3314 5323
2 207 1344
2 1498 3974
1 297 933
2 5601 6120
1 2070 4728
1 3621 5397
1 4283 4664
2 1884 3309
2 348 464
2 1046 5256
1 2389 4803
1 2648 5312
2 4843 5609
1 820 3967
1 2153 5547
2 2177 4426
2 2922 5235
2 63 1761
2 1837 2351
1 53 925
1 986 2494
2 3633 5142
1 855 3734
1 2241 2960
2 5112 5913
2 1121 4061
1 188 4290
2 2634 3374
2 2862 5724
2 1035 3554
2 549 4955
1 5355 6100
2 43 4629
2 3709 4024
1 3454 4239
1 1347 5259
2 3111 5636
2 570 2103
2 223 4259
1 3616 5202
2 5324 5751
2 942 1849
1 829 3433
1 4009 4853
2 4350 6118
1 2430 3441
1 1810 6030
1 336 3806
2 1897 2756
1 771 6158
1 1353 5854
2 2911 4628
1 582 1893
1 4461 5901
2 1110 5882
1 3539 4590
1 1329 4828
1 2277 5163
1 2013 3177
1 3397 4593
2 3815 4280
1 2449 3817
1 1445 4456
2 4176 4642
1 3210 3890
2 3738 6126
1 3001 5066
2 1685 2602
2 4174 6040
2 3818 4695
1 2342 4232
1 1258 1417
1 1485 2861
1 2762 5030
2 4993 5971
1 1188 4639
2 4188 4509
1 3038 5872
2 1989 5304
2 2954 5541
1 1352 2445
2 3702 4294
1 3518 5187
2 2456 5475
2 4301 5569
1 1663 4198
1 2921 3965
2 836 4504
2 3946 4250
1 3623 4687
1 234 3954
1 5563 5953
1 3303 3848
2 1017 4993
1 418 2732
1 3126 3507
1 1686 3281
2 1448 4309
1 5042 5394
1 170 5339
2 4418 4551
1 203 3947
2 3053 5856
1 1878 5787
2 284 6035
2 508 2993
2 1532 4929
1 2406 5841
1 2145 6141
2 143 6132
2 2834 5986
1 21 1195
1 1135 4083
2 754 791
1 2464 3256
1 1398 2971
2 3158 4472
1 3065 5563
2 2966 3105
1 2371 2931
2 1023 3660
1 1906 2218
2 784 1559
1 1287 2349
1 863 5094
1 2600 3687
2 1991 3099
2 388 5055
2 1992 3517
2 452 5788
1 4706 5122
2 445 3443
2 2654 3211
2 3940 5540
2 2455 4292
2 725 3259
2 866 5249
1 1630 5636
1 2985 4641
2 3025 4862
1 3816 5765
1 2517 3361
2 987 3173
2 359 5970
1 4239 4947
2 46 2756
1 4998 5047
1 1033 1935
2 408 2122
1 461 3433
2 3030 4588
2 223 2513
2 881 4822
2 3329 4624
1 3549 4829
1 134 1893
2 390 3814
1 1422 4815
1 3543 5285
1 5423 5430
1 3850 4256
1 736 1621
1 1159 2502
2 3994 5830
1 1020 3211
2 362 2284
1 2988 4175
1 1145 2823
2 1236 3366
2 3161 4047
2 924 2135
2 4297 4569
1 714 2270
2 4708 4791
2 2454 5727
1 3270 4945
1 90 4254
1 2526 2661
1 3646 3896
2 2315 3568
1 3239 4177
2 2469 3066
2 2382 5335
2 54 5385
2 1671 3556
2 785 1874
1 1386 4543
2 1568 3911
2 2816 2840
1 1311 1642
1 5254 5818
1 2120 5164
1 4630 5927
1 68 5980
1 213 4794
2 1343 5579
1 1002 3954
2 750 5521
1 3620 4584
2 1405 4930
2 541 4016
1 2915 4438
1 3614 4326
1 3480 4393
2 3989 6031
1 1 1207
1 3634 5479
2 8 4383
2 4225 6040
2 3980 5629
2 3 3560
2 2791 4343
1 826 1789
2 527 3361
2 968 4515
2 3368 4515
2 5179 5252
1 35 518
2 1817 1838
2 1093 5796
1 536 3188
2 1238 3994
1 2063 2408
1 683 3721
2 1650 6111
2 276 2198
2 713 917
2 2173 3269
1 4011 5262
2 362 3886
1 898 3398
1 150 4337
1 2026 3983
1 2930 2962
2 2906 4360
2 362 4137
1 1279 3688
1 2324 5973
1 1477 5068
1 2446 4212
2 1442 4469
2 1038 3512
2 3063 5219
2 1251 2821
1 869 1105
2 265 2464
2 3952 4098
1 277 1534
1 54 4436
2 714 3842
1 441 3250
1 3555 5379
1 4430 5435
1 2509 5131
2 1622 3613
1 1017 1335
2 2200 5432
2 967 6087
2 2446 3613
2 38 120
1 2101 3369
1 756 5606
2 1450 5406
2 413 2102
1 1475 2034
2 3142 4477
2 1935 5073
1 47 1855
1 726 2722
1 763 3666
2 582 2864
1 3728 5531
1 2966 3525
1 327 1206
2 3227 6137
1 201 5197
1 532 4166
1 578 3824
2 3300 5875
1 2224 4204
1 2652 4231
1 3594 5895
1 2377 5153
2 3583 4433
1 811 4978
2 3964 5433
1 2110 3431
1 2191 2514
1 3647 5552
1 1683 4897
2 5005 5760
2 3234 5488
2 450 4473
2 631 4164
1 2564 4975
1 1556 4197
2 1565 2174
2 3323 5182
1 4566 5049
1 3296 5334
2 1674 3559
2 625 3671
2 2500 4520
1 1578 4556
1 952 2219
2 3933 4521
2 4663 6106
2 3261 4921
1 1524 2143
2 1774 2735
2 5131 5834
1 1914 3337
2 1689 5610
2 1444 3267
2 744 4294
2 1209 5264
1 2321 5186
1 256 5365
2 721 4798
1 1571 3920
1 1640 2884
1 525 4797
2 1461 5666
1 156 942
1 494 1980
2 1440 1703
1 3407 5449
2 572 963
1 2423 5760
2 249 1163
1 2235 4228
2 12 3887
2 1472 2709
1 3053 4646
1 291 5107
1 1571 1731
2 396 3298
1 728 2393
1 2096 4815
2 322 5610
2 710 2556
1 119 276
1 4410 5751
1 3287 4314
1 4617 4680
2 83 274
2 4806 5225
1 3291 5533
1 2887 3744
1 2329 3790
1 4465 4998
1 5692 6009
1 4972 5592
2 982 4138
1 1470 4013
2 2249 5712
2 4758 4770
1 1496 3319
2 2052 2321
1 2681 6110
2 199 3632
2 972 5891
2 1438 4695
1 147 935
2 2404 4596
1 1389 4653
2 3243 4432
1 2797 6164
1 3474 5269
2 5885 6155
1 3619 4089
1 590 6016
2 2713 5952
2 4285 4571
1 2586 2713
2 4102 4613
1 18 3792
1 421 3044
2 948 3221
2 666 5719
1 13 3418
1 603 6056
1 1813 5103
1 216 1250
2 2801 5925
1 1246 2095
1 2690 4343
1 5092 5733
2 2787 5838
2 3764 5317
1 1014 4782
2 2328 4551
1 1263 4169
2 331 2513
1 2204 3696
1 623 1049
2 650 3142
2 5741 6138
1 1961 5412
2 1583 5987
1 445 4601
2 745 2985
1 2412 3073
1 1046 4168
2 205 5401
1 827 1648
1 3881 5394
2 623 5489
2 4009 5236
1 4454 5592
2 6009 6036
2 2039 3836
2 370 2564
1 2841 3981
1 1743 3500
2 5147 6052
2 4286 5242
2 3607 5081
1 4101 4494
2 2387 4576
1 3654 4478
1 1322 4239
1 817 3886
1 1232 3125
2 127 5814
2 11 4434
1 564 5253
2 2088 4166
2 3918 4235
1 2327 5649
2 637 5061
1 134 1026
1 950 5196
1 3607 4994
1 2891 3253
1 2945 4287
1 3509 6088
2 1266 5596
1 51 5089
1 4363 5996
1 4889 4894
1 1173 4337
2 201 5102
1 453 5011
2 1878 3343
1 2888 5037
1 2040 4234
2 5500 5721
1 1234 5550
2 2090 3745
2 3897 5272
1 2067 4349
1 1001 3559
2 1271 5144
2 3148 4168
2 1703 2017
1 2183 4057
1 1430 3610
2 102 1532
1 555 2191
2 832 1295
2 902 5998
1 1429 4460
1 3227 3436
1 2862 5477
2 162 4565
2 2006 5328
2 967 3436
1 3531 4967
2 780 5477
1 260 3037
2 4294 5107
1 1111 5722
1 2781 4283
2 3516 3984
1 665 5104
2 4264 5530
1 489 3542
2 423 4019
2 4754 4999
2 273 5598
1 638 2750
2 804 1748
1 4744 6031
1 1211 5273
2 539 5938
2 4432 5300
2 4100 5589
2 4014 5949
1 4090 4780
1 4210 4945
2 792 2669
1 3022 4687
1 1517 3024
1 2554 4234
1 31 939
1 4462 5853
2 1270 5309
2 4581 4768
2 1376 2503
2 1280 4163
2 1056 3949
1 3894 4752
2 669 4029
1 4595 4648
1 5586 5693
1 393 5271
1 393 1799
1 1177 1825
2 316 4626
1 2622 5660
1 4305 5103
2 3687 3741
1 1458 2975
1 2828 3623
1 2353 3855
2 4117 4172
1 4564 5525
1 4649 5740
1 1314 3613
1 2232 5079
2 369 3083
2 5036 5535
1 2251 6140
2 1746 5874
1 3426 4987
1 4362 4524
2 3719 6151
1 3627 4836
1 605 2498
1 2425 2835
2 699 5917
1 4075 4785
1 17 1655
2 2210 3188
2 446 5592
1 228 1844
1 1638 2268
1 1087 1732
2 2331 3762
2 19 4887
1 717 4934
1 50 5348
1 389 1705
2 3848 3914
2 3697 4764
1 1866 2366
2 4133 5395
1 479 1235
2 2127 4235
2 2954 5516
1 3146 4146
2 2327 5378
2 4141 5227
2 3247 5092
2 777 3403
2 2160 3142
2 2571 3795
1 289 6044
2 2415 5082
2 1715 1764
1 1168 4533
2 378 1900
2 2169 5604
1 2716 5954
2 3190 3861
1 608 5028
1 1894 3178
2 4481 5744
1 3395 3905
1 133 5109
2 2166 3474
2 633 5919
1 2801 5831
1 776 5143
1 1534 6062
1 127 4923
1 1861 2075
2 1222 1651
1 814 2298
1 2372 5788
1 4537 4874
1 386 4289
2 3869 5378
1 2048 5779
2 13 2571
2 1167 2697
1 2928 4557
2 1038 3126
1 3063 3335
1 2955 4969
1 1075 3087
2 654 4898
2 2292 4026
2 563 6073
2 1035 6085
1 1401 2510
1 1949 5437
2 3822 5996
1 717 5527
2 944 1129
1 3444 5270
1 3039 4098
2 1648 3670
1 3636 4937
1 1075 4670
2 1329 5951
2 1189 4703
1 2409 4532
1 5317 6093
2 776 1704
1 2232 6007
2 3415 5270
2 4198 5721
1 1144 4394
1 1213 5468
1 4051 5251
2 272 1805
2 1681 4107
1 4032 5377
2 4807 5049
1 5665 6072
2 3320 4983
2 3657 4299
2 3978 5443
2 1914 3193
1 910 5965
1 1381 3028
2 388 6134
1 611 5344
2 4225 6150
1 2485 5148
1 1051 5389
2 145 4304
1 2114 3437
1 4955 5306
2 1033 1474
2 2855 3787
2 2071 3242
1 4462 5279
1 4716 5261
1 1578 5036
2 520 4054
1 4199 5489
1 2894 3849
2 2910 3108
2 3885 5566
1 1341 3185
1 514 1825
1 3702 4975
2 4754 4950
1 5244 5290
1 4807 5763
1 344 4971
1 3271 4192
2 2361 5111
2 1349 1504
1 2844 3801
1 4366 6095
2 3431 3629
1 1608 3641
1 2764 5045
2 2829 5318
1 1632 4904
1 161 2521
2 3032 5272
1 482 1879
2 938 3498
2 4956 5303
1 2187 3992
1 858 2967
1 5380 5902
2 312 5444
2 5104 5215
1 365 1569
1 5985 6026
2 340 3057
1 1632 5263
2 4477 5478
1 1497 2507
1 4166 5889
2 4724 5102
2 1878 4378
2 1860 4740
2 4899 5105
1 181 1931
2 3238 5661
1 128 5101
1 738 4604
2 1676 2370
1 368 439
1 350 1486
2 2227 3693
1 44 5512
1 3035 4243
2 6 2854
1 925 3956
1 5398 6026
1 2022 5936
2 1042 3697
1 2386 5562
1 880 4878
2 136 5998
1 1198 6041
1 833 4334
2 2446 5571
2 1661 5749
2 891 2997
1 373 2085
1 3127 5204
2 4811 5512
1 1470 5648
1 1043 3219
1 2240 3879
2 2457 3072
2 3902 5277
2 3483 4787
1 1739 3796
1 3537 5515
1 1662 2573
2 2642 2932
2 3595 4111
2 397 2588
1 299 3195
1 2552 2755
1 75 3290
2 1469 1909
2 964 4524
2 311 2302
1 3399 3590
2 1589 1838
1 442 5597
2 838 4095
2 5062 5459
1 1843 2101
1 3343 3637
1 2908 4811
2 920 3167
2 727 2096
1 4317 5382
2 332 6154
1 842 4090
2 195 5791
1 5256 5338
1 2615 5183
2 85 4467
1 4418 5614
1 596 5354
2 2691 6058
2 1905 2331
1 2236 4854
2 158 1372
2 1207 5924
1 406 1803
2 346 2244
1 543 4980
1 1415 5363
2 601 5816
1 1917 4694
1 2872 5673
2 626 4359
1 989 5958
2 746 5965
2 1151 1425
2 2140 2923
2 1735 5470
2 2357 4143
2 3431 5807
1 1957 4751
2 87 4959
1 2138 2330
1 1936 3355
2 3152 4551
1 2205 6002
2 1974 3087
2 45 1277
2 5138 5419
1 318 5478
1 252 5068
1 4535 5286
1 1448 2156
2 4810 5562
1 3193 3790
1 657 4188
2 5169 5737
2 473 726
2 3617 5610
2 180 4122
2 431 1891
2 224 3041
1 3805 5704
2 4338 4626
2 1584 2248
2 1694 1982
2 1264 2213
1 3415 5844
1 864 6010
1 687 4986
1 709 3273
2 4760 5175
1 624 6138
2 5529 5734
2 1150 1482
2 3131 3480
1 603 6134
1 1705 3049
1 435 1548
2 3660 4857
1 765 4717
1 784 3581
2 2833 5520
1 2194 3671
1 1705 5102
1 1987 2414
2 3807 5388
1 688 5311
1 1055 2548
2 2664 5256
2 1213 2108
2 53 1094
2 514 5572
2 4501 6070
2 39 5026
1 3451 5131
2 3625 4097
1 2722 3240
1 3523 4294
2 1130 4809
1 749 2396
2 3269 5852
1 3782 3925
2 3684 4830
2 1761 3968
1 2931 5220
1 389 4925
2 3110 3695
2 1891 3152
1 1841 3020
1 674 3194
2 358 1018
1 320 4282
2 452 2944
1 344 6131
2 274 5183
1 339 5366
1 2893 3074
2 1303 4307
2 3143 3667
2 1595 3093
1 2612 4694
1 3396 4357
2 1138 4809
1 411 2564
2 685 3216
2 631 2449
2 5523 6028
2 2199 5088
2 1687 4013
1 939 5619
1 891 2632
1 2854 5713
1 683 5931
1 1044 4672
2 1720 2287
1 3777 3971
2 3427 3637
1 1034 1094
1 4206 6110
2 3421 3658
1 1548 2326
1 4401 5268
1 233 5590
2 6 467
1 1616 4179
1 1983 5335
1 5336 5409
2 1702 4692
1 3070 4395
1 1749 1943
2 1855 4074
1 2657 3175
2 3407 4431
2 4839 5461
2 1680 1713
1 2306 5786
1 1334 1475
1 1425 3370
1 333 1078
2 2927 4446
1 133 3011
2 4216 6068
2 2479 2617
1 3198 4755
2 1193 4877
2 3235 4496
2 1088 5833
2 4357 5884
2 1475 6009
2 4401 4563
1 2670 4865
1 2570 4500
1 445 2568
2 5199 5469
1 224 873
2 842 3458
2 1690 4549
1 697 4165
1 4006 5869
1 1211 2401
1 999 2524
2 857 2345
2 1739 3424
2 2725 5037
1 5024 5365
2 4402 5865
1 2813 4620
2 3509 5925
2 779 4636
2 1106 3274
1 2104 5428
1 5510 5874
2 1445 1994
1 314 5089
1 937 1048
1 83 5338
2 2576 5216
1 3450 4973
1 5173 5751
2 4283 4734
2 528 4969
2 271 4311
2 137 871
2 484 4894
1 2159 2958
1 3040 4448
1 1692 5615
2 1749 4323
2 1998 3328
1 716 1894
1 1965 3847
2 5317 5544
1 247 3634
1 399 3395
1 2557 4895
1 837 1164
2 2529 4197
1 1537 5703
1 1533 2423
1 3675 5745
2 1016 5639
2 48 2681
1 3681 3915
2 909 5286
1 1062 2400
1 2470 3652
1 3107 5580
2 3397 4643
2 795 2324
2 1520 1902
2 4343 5565
1 856 2549
1 4770 5075
1 1681 5315
1 110 1547
1 1096 5442
2 2919 4855
2 3510 3954
2 3099 4304
2 461 5823
1 480 1497
2 3028 3430
2 3361 5411
1 164 5041
2 410 1992
1 140 1505
1 3366 5849
2 2104 3636
1 744 1993
2 281 2453
1 3949 4571
2 1211 5610
2 1880 2763
2 2043 6111
2 2440 4034
2 1740 5600
2 315 2798
1 429 4901
2 903 2626
2 1183 4385
2 5753 5800
1 454 2952
2 3132 3216
2 1931 3160
1 858 5770
1 2597 5278
2 123 4338
1 2242 4766
2 1830 2651
1 868 3409
1 500 2700
2 1197 4878
1 1842 2331
1 3772 3919
2 2808 4800
1 989 3910
1 4770 5458
1 439 1533
2 1009 4788
1 2029 3908
1 3248 6154
1 2173 2610
2 2978 4940
1 2258 4117
1 2183 4696
2 1825 3172
2 1774 2976
2 3638 3723
1 4494 6073
1 1749 3813
1 893 1297
2 2770 4491
1 2728 2954
1 4978 4985
1 3513 6033
1 596 5720
1 4997 6001
2 3978 5573
1 510 2305
2 234 5479
2 2034 4839
1 3263 4803
2 1589 4296
2 1826 5527
1 1691 6134
1 1331 2669
1 1124 2502
1 1908 2691
1 3154 3843
2 3522 5503
2 2961 4174
1 1269 4718
2 57 823
1 1608 2865
2 1575 5915
1 144 2905
1 2562 4028
2 1977 3809
2 389 2866
1 5336 5654
2 3011 3555
1 3531 3828
1 3280 3588
2 285 5746
1 1458 3871
1 3028 5111
1 2853 5589
1 4522 4656
2 2780 3357
2 2266 4608
2 454 536
1 1898 4363
1 2901 4611
2 1978 2479
2 182 953
1 2928 5293
2 3066 3404
1 1065 1758
2 3892 5114
2 940 4980
1 692 4750
2 2590 5948
1 1033 5935
1 1916 4436
1 648 1033
1 1607 3575
1 1900 5209
1 4390 4916
2 1686 2114
1 2661 4479
1 1160 3062
2 195 4268
2 4035 5017
1 406 1209
1 2241 5866
1 5273 5340
1 4314 5366
2 4053 4489
2 7 4498
2 3888 4093
2 511 3517
2 705 5264
1 981 4858
1 1386 5485
1 2510 4380
2 1682 3922
2 880 2297
2 3998 4933
1 2494 3263
1 2409 5956
1 136 1185
1 1707 4970
2 397 3163
1 5390 5881
1 2658 4093
2 3273 3592
2 829 3631
1 4669 4826
2 2578 2602
1 3393 3792
2 683 3927
2 4155 6077
2 1150 1267
2 372 3604
1 2585 4455
1 1879 4075
2 769 1079
2 389 696
2 3298 6057
2 523 4079
2 2632 5936
1 2809 3967
2 492 2815
1 1791 4095
2 512 1906
1 1373 6012
1 2349 5539
1 4164 4365
2 3276 5479
1 3391 4764
2 4585 5302
2 2652 5026
1 2738 5466
2 1089 3025
1 4421 5109
2 1052 5481
2 423 1565
1 1268 4788
2 241 1896
2 1918 5363
2 2478 4841
1 2208 2763
1 4968 5500
2 625 3783
1 2724 3229
1 176 2038
2 3135 5028
1 128 3701
2 1795 2263
1 136 990
1 2826 5830
1 3297 3932
2 2097 2949
1 1265 4147
2 669 1208
1 1384 5919
1 5944 6053
1 443 4903
1 998 1046
1 2559 4970
1 4644 5384
1 629 4575
2 801 2782
2 306 4046
1 5018 6140
2 120 5891
2 1036 3426
2 851 2904
2 3950 5997
1 602 2752
1 2364 2655
2 474 3283
2 1879 5509
1 5381 5814
1 695 6091
2 43 4809
2 2714 4895
2 1820 5745
2 5574 5829
2 1435 6093
2 2749 5224
1 48 5697
1 1409 3346
2 2048 3259
1 2477 4168
1 1667 2809
2 580 781
1 529 4027
2 4807 5114
1 700 5039
1 770 3047
2 3495 4520
2 1698 4760
1 216 5367
1 880 4118
2 2482 5784
1 196 5553
1 2150 5925
2 789 1134
2 2914 3342
1 817 3684
2 2437 4941
2 1002 2455
1 1323 1655
2 3691 3960
2 1700 4059
2 1069 1086
1 285 2269
2 3527 4828
2 974 2002
2 3459 4244
2 3018 4250
1 4818 5445
1 601 917
2 4291 4824
2 1940 3609
2 3413 6103
2 220 341
2 5172 5585
1 709 1404
1 4862 4914
2 468 4370
2 1310 4447
2 622 4607
1 705 3390
1 1392 2644
2 1093 6057
1 230 1879
2 192 1073
2 1781 3333
2 528 3735
2 2213 2421
1 393 3731
1 2170 2591
2 818 2075
2 1108 2209
2 3301 3749
2 438 4899
1 2056 2953
2 1437 5388
2 2955 6065
1 426 6072
2 818 4282
2 2197 4835
2 2160 2168
1 1400 3275
2 856 6136
2 1013 4594
2 4707 5391
2 660 5892
2 557 2691
2 16 1887
1 2 1188
2 3624 6090
1 2253 5783
1 2442 5401
2 2410 6016
1 2263 5190
2 802 4802
2 527 1728
2 4042 4643
1 4569 4658
2 1105 5521
2 1027 2550
1 4413 4706
1 3702 5365
1 4839 5213
2 2090 4235
2 1779 4296
1 691 6023
1 262 3897
1 1815 2298
2 3078 3829
2 886 2528
2 110 558
2 3475 4259
2 4357 4539
1 1705 1846
1 1415 3484
2 3212 5600
1 5534 5862
1 1509 1591
1 596 2305
1 4550 5549
2 3652 4659
1 1720 1966
2 338 5151
1 2887 3609
2 116 283
1 1640 3494
1 3019 4286
2 1135 3554
2 220 3439
1 2814 2820
2 1731 4868
1 2738 3450
1 2433 4867
2 443 578
1 693 2465
2 2332 4655
2 4852 5351
1 1 2737
1 2826 4382
1 80 1029
2 1155 3308
2 5028 5319
1 3973 5444
2 3254 5886
1 1403 3610
2 3523 6001
2 2207 3184
2 3634 6079
2 1718 3941
2 500 3223
1 364 1305
2 2414 5391
2 3657 4622
2 1166 1709
1 3111 5419
1 4371 5623
2 1387 3418
2 396 1298
1 497 2963
2 2423 3744
1 812 3727
2 5201 6141
1 5056 5427
2 54 4928
1 731 4148
2 1613 3662
1 532 5030
1 685 1034
1 3647 5169
1 2649 4854
2 3021 3460
1 1551 3919
2 731 3178
1 1939 4532
2 1345 3874
1 266 3011
2 797 5093
2 1830 3820
1 2257 5270
2 943 1050
2 3964 5419
1 773 2607
1 1503 5934
2 3409 6034
1 938 3740
2 584 5364
2 494 935
1 653 4754
2 4349 5282
1 165 5523
1 842 4605
1 3448 5719
2 4641 6011
1 1882 3314
1 2554 2819
2 3441 4565
1 674 3934
2 3746 6013
1 3906 4194
1 155 4975
1 3412 3514
2 1353 4390
2 4233 6132
1 80 2805
1 61 5359
1 5182 5207
1 29 5856
2 1951 4860
2 2599 5312
2 194 2753
1 1525 2833
2 1572 4304
2 4268 5185
1 1104 4347
2 331 4407
2 3802 4873
2 4546 4901
2 2110 4483
2 1254 5691
2 1447 4925
2 4393 5705
2 1105 2536
1 1553 2206
2 2798 4083
1 28 5839
2 4042 4899
2 904 3277
1 3019 5046
1 1714 3968
1 980 2726
1 2377 5851
1 3481 6079
2 4443 5686
1 2316 2333
1 3770 5996
1 1644 1732
1 3765 3973
1 2852 4532
1 1241 5991
2 629 2230
2 1464 1913
2 1824 1837
1 1429 1525
2 2574 3857
1 3060 3686
2 676 3217
2 2105 5866
1 4230 5696
2 729 1396
2 1358 2490
1 142 2821
1 170 6083
1 1345 5104
1 3389 5344
2 2237 5416
1 5044 5453
1 1575 2817
2 2079 2345
1 692 5166
2 555 1489
2 1221 3056
1 3799 4652
1 3588 4885
2 2236 6069
2 202 1484
2 1786 5612
2 790 3361
1 407 698
2 938 2815
1 2198 3370
2 1500 6016
2 3623 5074
1 3791 5661
1 3693 5728
2 3545 5320
2 4764 5025
1 5553 5790
1 1218 4630
1 3582 5814
2 1038 1255
2 2538 5778
1 1022 6160
