9
1 9084 6401 7847 8424 1037 2135 4688 9723 4753 6128 8453 591 518 7548 5885 3754 4735 6938 5607 9650 8318 7094 1501 242 
56 1757 4401 7196 6233 4401 6280 8985 8599 1055 21 733 2094 9743 5485 8221 4547 2427 8738 8447 8311 8843 3181 5248 802 2831 3566 4247 683 159 8877 738 8267 3277 7934 4499 4029 565 9835 2627 7971 9855 3360 64 5949 5196 4636 6848 7623 9725 5294 2285 8568 4826 3885 5721 4008 3802 9967 4691 3960 8844 5428 8578 2120 9713 9428 2501 277 9262 5127 4599 9116 4838 1014 1416 6386 5649 8263 
5374 9908 2644 293 4734 6528 6013 8741 329 5979 3431 640 1174 5211 9217 9646 1275 4996 2146 7904 4257 3624 2502 9724 4814 3516 1140 1199 5516 5754 1558 7241 5662 553 7533 395 3433 9897 5487 3761 2228 5270 753 3401 6832 6321 3046 8106 1317 1543 6009 5573 5167 4863 5297 9980 4730 2788 7530 245 
5439 7486 4202 5991 1370 948 9423 1267 6435 9536 3494 1704 288 3246 8535 6608 6292 2992 7924 4186 5353 9849 9352 215 1497 5683 1296 4284 9564 1540 9176 5002 5377 9730 993 6747 677 6767 4365 3463 6302 
5166 6589 7455 52 9549 98 3044 3824 4284 8396 
9987 8610 5168 2022 9905 5803 7937 7796 4979 2939 9525 4708 283 2623 1736 7049 6987 5199 3351 7548 364 6291 1354 6768 5839 1452 9811 9663 2087 8206 9686 8425 3167 4854 6798 3071 7008 4735 7218 1986 4025 6742 3045 4307 9364 1133 1355 2702 6331 1057 249 3046 7348 1603 9813 9538 9406 9623 5552 7844 4180 5238 2620 7346 6443 5770 6768 9802 6856 3986 8140 880 
1184 5186 6443 8668 6540 5496 4998 3949 2097 4396 7648 3699 560 7185 9456 6535 9089 3651 714 678 2622 8060 7120 8391 1179 3273 5246 5164 1412 6125 8595 8948 7662 1389 7615 554 6884 8965 4502 8980 3360 2149 9030 3919 5685 4837 453 4773 8487 1167 5450 7461 5578 8921 2203 6756 2194 3801 8272 3605 6277 6866 2552 3939 4606 6519 4492 1489 5483 5345 6821 8842 7493 5850 9112 3177 7039 9565 7950 
7083 9751 9337 9012 8672 1540 2119 865 5340 390 821 1616 3607 9725 1906 8212 6243 2749 6053 1725 8093 2873 6918 5585 5074 6029 8762 2112 1945 3063 3989 5379 2813 3325 4390 7836 1216 6509 5052 2907 3250 5873 875 3209 1949 2780 1420 8191 5529 3824 6267 3621 6696 3184 5558 8122 9212 671 233 1157 85 4221 2887 2897 3898 7277 7085 1465 137 2136 4372 9738 4360 5246 2946 6308 4377 
850 6257 4541 3468 6230 7589 6651 1787 5710 2215 8809 2294 9723 8893 6515 2609 8141 6764 
