4 2
-1 0 2 -1
-1 1
4 2
0 0 0 0
64 64
4 2
5 0 -5 10
10 10
5 2
0 1 0 1 0
-1 1
5 2
0 1 0 -1 0
-1 1
5 2
3 2 -1 7 1
2 3
5 2
-1 -1 -1 -1 -1
-1 -1
5 2
1 1 1 1 1
-1 -1
6 2
1 0 1 0 1 0
-64 -64
6 2
0 1 0 1 0 1
-64 64
7 3
-4 3 2 1 0 -4 -2
-10 0 1
7 3
-4 3 2 1 0 -4 -2
1 -10 0
7 3
-4 3 2 1 0 -4 -2
0 1 -10
5 2
6 0 0 -5 9
2 3
5 2
0 0 -5 9 6
2 3
5 2
0 -5 9 6 0
2 3
5 2
-5 9 6 0 0
2 3
5 2
9 6 0 0 -5
2 3
5 2
6 0 0 -5 9
3 2
5 2
0 0 -5 9 6
3 2
5 2
0 -5 9 6 0
3 2
5 2
-5 9 6 0 0
3 2
5 2
9 6 0 0 -5
3 2
4 2
6 0 -5 9
2 3
4 2
0 -5 9 6
2 3
4 2
-5 9 6 0
2 3
4 2
9 6 0 -5
2 3
4 2
6 0 -5 9
3 2
4 2
0 -5 9 6
3 2
4 2
-5 9 6 0
3 2
4 2
9 6 0 -5
3 2
4 2
0 2 3 0
-2 -2
3 1
2 0 1
1
3 1
-6 5 -8
2
4 2
2 0 1 0
-1 1
4 2
-8 2 10 9
-8 7
5 2
0 0 0 0 0
0 0
5 2
7 -5 2 -9 -6
0 0
5 2
0 0 0 0 0
6 4
6 3
1 0 0 1 0 2
2 2 1
6 3
5 17 12 12 -13 19
0 1 2
10 1
-15 -4 6 2 -14 -12 11 0 12 8
-20
10 3
0 3 -4 19 -8 -5 -13 -3 0 -20
-7 17 3
10 5
20 -14 7 -12 -3 -8 10 -7 5 0
1 0 -2 0 -2
10 5
13 8 -13 -4 -5 7 11 -8 8 0
-5 -11 -11 18 -6
100 5
-8 8 -10 0 10 -7 -2 0 5 -1 9 -10 -9 0 -4 9 -5 3 3 0 6 10 0 7 7 7 -5 -6 -1 -8 3 0 -10 -4 3 -2 -1 0 -3 -1 5 10 -5 4 -8 10 4 7 0 0 -4 4 -6 4 -10 -8 -3 -9 9 -7 -4 0 2 -2 -6 -10 1 -7 5 3 -5 2 2 -10 8 -1 -8 6 8 0 0 0 -9 -1 -7 5 5 7 8 8 2 6 5 4 9 7 -2 2 -9 3
-8 -7 -3 0 -4
100 33
-9 7 -10 -6 0 -1 -6 1 3 -8 -9 5 3 -7 8 -10 10 7 5 2 4 5 0 -10 -9 7 2 -9 8 4 -1 -6 10 -1 8 -4 0 10 0 -3 -3 -10 0 2 -7 1 -4 -6 2 -3 1 3 -3 10 2 1 1 10 3 -8 -4 -1 0 -4 8 -4 0 -4 0 -4 3 -3 -10 3 7 4 -8 -2 -10 -5 5 0 6 -3 6 1 5 8 -8 -10 -9 -2 6 -1 -3 9 0 3 -5 -10
-4 -5 6 4 4 8 -4 1 4 1 3 -4 -7 -7 -3 0 0 -9 -5 -9 8 0 -6 9 7 -8 -1 -3 -4 4 -7 1 4
100 50
4 4 -2 6 -4 0 0 1 6 5 -9 -5 5 10 10 5 2 0 0 1 7 4 4 -1 8 -5 0 -4 -5 -2 8 -9 -3 0 0 -7 -8 5 0 -8 -10 0 -8 0 -5 -9 3 -6 -5 -3 -6 2 -1 1 2 -8 8 9 -7 -8 -7 7 -9 -5 2 3 -8 3 0 -4 5 -8 8 7 -8 8 -6 9 -9 3 0 -7 5 5 -9 -6 9 4 0 10 -4 7 -7 -3 8 0 0 -2 0 -10
-9 -4 -1 -10 4 -2 8 5 -10 -4 -1 5 1 -9 2 -8 -8 1 -10 6 -1 2 8 -10 0 -1 -3 4 -5 -3 6 8 2 5 4 0 0 6 3 2 3 10 -6 -10 6 7 -10 3 0 6
100 50
23 20 39 0 -2 -60 31 53 48 -35 -61 -11 10 -32 39 17 -27 46 34 64 -50 54 10 60 23 36 -39 14 -34 44 40 -47 -57 -61 5 -48 -33 45 10 60 61 -57 39 -1 -16 25 40 -57 -30 8 21 -30 2 22 -12 -35 -60 61 -58 49 -43 26 -3 -8 -41 3 2 48 61 -38 -36 13 -45 -16 64 -58 2 41 -49 4 29 -29 -21 30 35 22 5 -22 -54 64 7 -1 1 12 -4 -25 -49 23 5 -23
49 36 26 -52 -25 -8 -11 42 -29 56 -5 -56 55 -42 -53 -62 -2 40 -2 -10 9 -59 15 40 31 44 -15 -11 -14 30 8 0 0 -52 1 33 -50 -39 43 -1 -59 -16 -33 4 -42 28 -30 -25 25 54
200 50
57 -1 30 -2 -51 6 3 1 -56 -60 39 -22 -38 18 60 -40 40 12 11 19 18 -44 -47 -8 10 -25 -46 50 36 -13 -34 23 47 21 -62 26 58 -32 -45 63 19 64 -61 62 52 10 -38 60 45 13 63 -44 24 0 53 -7 -37 -31 59 53 -55 10 55 33 13 26 -8 -57 59 5 21 29 -6 31 30 -35 -55 9 -4 -61 17 -7 -52 -56 8 0 36 31 60 56 -6 -14 20 -32 33 -5 14 -24 15 48 -57 -24 -50 -32 -42 -59 -23 -49 56 -18 -22 -12 32 -24 -33 63 40 32 -20 5 -57 -62 37 -6 -21 -51 -15 -24 -7 60 -48 0 54 -11 -60 -52 -24 40 -37 53 41 5 46 -45 42 -37 13 7 -59 -58 -29 -27 -36 -53 -16 -60 -47 -26 28 -16 -14 -42 60 33 -19 43 10 -56 49 -44 -12 -51 62 44 47 -60 38 -41 58 13 -15 54 12 -8 -43 -44 49 -41 57 -44 -36 -28 -43 30 -49 61 -30 57 1 -55
56 -13 -64 -41 -24 5 32 -27 20 49 -62 -56 9 -38 -54 -24 22 17 -10 36 -64 -20 1 -43 49 7 -2 -24 -24 12 35 -35 -32 -56 -22 39 -51 -37 55 31 50 -36 64 62 -39 22 -63 -64 14 63
200 100
-43 5 20 61 -39 -7 63 22 -26 26 -63 11 -28 2 41 -56 20 63 -46 45 -38 27 16 -52 -29 -24 15 24 -20 58 0 34 -16 -26 -60 -46 23 -14 -9 16 -15 27 61 -36 37 -16 19 51 46 55 -10 13 32 -5 -53 -62 48 -17 -22 -47 10 -13 -55 4 -29 49 -40 0 -43 -62 44 -31 54 -25 -28 -19 59 -41 -37 32 49 12 -33 52 58 32 30 -28 -42 -47 29 -13 -16 0 61 -11 23 0 1 60 20 25 -23 -37 45 0 22 -59 -11 -42 32 61 58 -58 -42 32 -21 60 46 -8 42 -63 21 5 10 -16 39 -10 49 52 7 54 31 6 17 41 34 -2 -50 -7 -63 20 5 -37 3 -59 -38 -36 26 62 3 57 -61 -13 54 18 -26 -41 -50 0 -50 32 7 -48 -9 4 -16 -31 5 -24 -31 -4 -41 33 -4 -24 43 36 -43 26 48 30 -50 -24 22 16 -7 -40 33 -2 -61 -17 -59 0 15 48 44 50 -2 34
10 -18 31 45 38 11 -37 36 40 25 -19 -62 56 61 -21 20 -49 34 7 31 39 46 -32 -25 23 -47 -62 10 5 44 -20 60 25 7 -63 39 20 55 -14 47 51 -64 37 -47 6 1 53 5 25 -57 59 56 -19 38 -8 -32 -47 -5 43 11 1 31 -52 -58 55 51 0 -13 0 -31 -20 -11 -57 -42 43 -22 -35 14 4 -62 6 46 29 -58 49 -4 -21 22 47 -8 35 -2 33 27 -25 -34 -43 10 -15 26
250 1
6 2 -10 -1 -6 4 -7 -8 6 -3 2 10 -5 0 -5 9 -3 7 9 -1 -6 2 -10 0 -5 8 -5 -7 -8 -10 4 4 -4 -7 9 -1 -6 -2 1 5 9 -5 -4 1 0 7 5 -6 8 -6 6 5 7 0 -6 1 1 9 0 -2 -8 10 1 0 -7 0 -2 6 -9 -3 8 -5 7 7 10 -4 2 9 -4 -4 0 3 4 6 1 -1 -2 -5 1 -10 0 -7 1 -3 10 -8 -7 -8 4 3 4 10 4 -10 7 2 1 -9 3 6 0 -1 4 -4 5 10 -1 -7 -1 9 -6 2 7 -1 -9 -7 6 -1 -6 -2 -5 6 -4 6 6 -5 -9 9 2 -1 9 0 -8 7 -1 9 -8 6 0 -5 4 -6 -10 7 10 -3 0 -8 0 9 8 -7 0 -3 4 8 3 6 6 1 4 7 10 6 5 -4 7 0 -4 -2 -4 1 5 -1 0 1 10 4 -3 -10 -5 1 -8 -8 0 3 0 9 -10 6 -9 0 4 0 0 9 0 -10 8 0 1 10 -1 4 9 1 -9 0 0 2 10 5 -7 9 -7 -4 4 -3 0 -8 7 -1 -5 -10 9 -7 3 1 1 -2 -7 -8 10 10 0 -4 4 -8 0 7
7
249 49
-7 -10 9 2 9 1 -6 4 7 0 3 2 2 7 9 -6 -6 -9 -8 -4 -9 8 9 6 8 -9 -8 -4 -4 9 7 0 9 -10 1 -1 -9 -5 -5 -3 -3 0 5 4 8 10 0 7 -5 10 -5 -8 5 -6 -3 0 -8 -1 3 -7 -8 5 7 8 -5 -5 1 5 -10 0 -6 -6 6 -3 -5 -3 6 -7 4 7 -4 -4 -5 9 -8 6 0 -3 -8 -1 7 5 -6 -3 -3 -3 1 -8 -9 2 7 -6 -2 9 1 0 -7 0 -6 6 0 2 3 9 7 6 4 1 -7 -5 3 9 0 8 5 -3 -10 -10 -1 1 -2 7 6 5 7 -3 6 -2 9 -1 -5 6 7 3 2 -5 8 -8 0 0 -9 -9 8 8 9 -4 5 4 -4 -8 9 4 0 10 3 -3 3 -3 -9 -5 -3 -9 -7 -10 -3 -8 8 -10 -10 -10 -9 -9 -9 1 4 -9 0 0 1 1 7 -1 -3 2 -6 -3 -9 -9 1 2 3 -7 8 0 -9 10 3 -5 -9 -3 6 0 6 8 3 9 8 2 -4 -9 1 3 5 -6 4 -9 8 -4 9 10 1 -10 -10 -6 1 -5 10 2 4 -6 -5 0 4 9 5 6 -7 3 6
-1 3 10 -4 -2 9 0 9 10 0 5 -8 7 8 1 6 4 -5 0 -2 -7 6 0 -5 9 7 8 0 0 9 -1 3 9 9 -2 -5 1 5 0 0 -6 7 -9 -8 -4 6 10 6 4
250 49
6 2 -2 0 -8 -3 -6 0 -8 10 5 8 -4 4 8 7 2 -2 5 -1 -1 7 8 2 4 -2 -6 9 8 2 7 -4 -10 3 -3 -9 -4 2 -10 0 0 -1 2 0 5 -6 -8 -9 3 -3 9 7 -8 -2 -9 -10 -6 0 4 -9 -1 -7 -6 -1 -3 -10 10 10 4 5 -8 -7 5 -3 4 -6 10 -7 -1 6 -8 10 -7 7 3 0 -10 -7 -6 -7 9 4 -7 -7 3 -3 -2 -3 -10 0 6 -8 -9 0 -9 -10 -2 2 8 3 6 -5 4 -10 -9 -10 1 7 5 -8 5 8 -10 9 -1 -2 0 6 6 -4 -6 6 7 -6 7 8 -6 2 8 6 10 4 -6 -7 9 8 10 -6 6 10 -3 -5 5 -9 8 -10 -4 -3 6 6 -3 -4 -3 7 2 -10 -5 -7 0 -10 0 1 -5 3 8 0 9 9 -9 -2 -1 -2 0 -4 9 -7 -2 5 8 2 0 -7 3 -5 -3 -5 -7 4 -10 -8 0 10 -7 5 -4 -3 9 6 0 8 1 3 0 10 1 -6 0 -8 2 4 3 7 0 -10 8 -5 10 10 -6 1 -2 -2 -1 -9 -4 -8 -7 4 -1 -6 6 0 -4 6 9 3 4 6 -10 5
-4 -3 -9 -6 -9 -1 -9 3 5 -6 -7 -4 6 2 -9 1 -10 6 9 -9 10 -9 5 1 4 3 3 -4 2 8 7 -10 -9 2 -9 -2 -2 -3 6 -1 2 -2 -10 -4 -6 2 -6 0 -4
250 50
-20 52 -27 38 56 57 9 -25 -1 33 54 25 46 -35 -41 -2 59 13 -45 -13 -60 8 -42 13 28 0 27 62 -48 -57 64 32 -3 7 -6 -21 -18 15 51 -25 -21 -8 3 -35 -16 6 -19 -13 17 -52 39 26 -25 -38 -51 22 17 -56 13 -37 -52 -47 -51 1 -26 29 58 -27 2 -4 43 40 0 40 49 -38 -18 -7 -15 -39 -13 31 -14 -60 -16 64 -56 -16 35 45 -45 52 -19 43 52 -41 54 -34 -60 19 28 -24 63 54 -12 -61 -13 56 -33 -56 30 64 52 17 -12 51 -21 -46 -60 37 -5 -40 10 21 -18 31 17 16 -46 -19 24 63 2 0 -5 1 30 16 -28 -31 41 33 40 47 25 -47 -62 58 62 54 -29 -23 -11 11 -48 60 12 34 -14 55 52 -61 18 -24 -41 53 -9 -14 -22 -32 33 4 42 37 29 -6 -40 -11 62 -18 -63 35 -52 -43 60 28 32 -35 60 17 45 -8 -19 -19 -28 0 -6 -56 -26 -10 -13 -25 18 32 36 50 13 -11 -5 -25 1 46 42 19 -39 22 23 2 -42 20 50 -43 -13 -53 26 -10 34 -26 20 5 39 -12 -51 -16 -19 60 42 -30 44 -31 -20 63 -28 -44 4 13 -43 -5 56 49
34 -36 0 58 -28 2 -50 3 -38 -61 -39 -16 -49 57 -41 42 -29 -41 -42 -3 -56 17 -16 36 -47 55 55 57 13 19 -12 -18 33 7 7 12 -61 -17 37 20 3 -15 7 61 5 -3 27 -58 63 7
250 99
-7 -51 3 -61 18 8 -13 -34 -11 54 -62 50 -23 -36 32 62 22 20 45 58 52 -57 20 -15 24 -25 18 43 4 -13 -21 24 -55 35 -9 -26 -49 27 -29 -30 -63 -7 45 21 -46 -39 -28 35 14 -4 -13 51 23 -45 0 22 -47 -35 42 -34 0 -30 61 43 6 -30 19 -56 37 38 -11 -32 -33 25 48 21 42 -11 46 -31 -27 63 -60 24 -38 61 50 44 34 28 59 16 -40 -25 43 52 -6 -51 -54 -53 43 -60 -6 -55 -38 60 47 27 -13 -13 13 -45 41 -52 -42 -48 -40 -54 12 64 54 19 -21 19 -55 -29 -27 28 -58 22 -32 28 -6 34 19 -22 29 -44 26 -35 23 61 -32 -44 -19 12 14 -26 17 -29 9 38 39 -31 34 19 -63 48 64 -22 46 -51 -13 13 -10 39 6 20 -22 18 -17 24 7 64 -34 9 -55 34 34 52 -6 -58 -32 -25 -56 -48 38 -50 26 -27 15 55 -34 32 -41 38 30 6 0 29 3 11 64 41 -38 60 10 -52 -21 -59 51 -63 57 39 62 -35 -53 36 -58 -51 -50 51 11 14 40 34 -60 29 -36 20 -12 -50 -55 -10 -48 55 -58 -10 -21 43 -7 6 46 0 16 -34 20 54 14 -8
32 -59 -8 25 -38 1 -3 -13 4 -37 -43 -44 -22 -39 -2 -39 -45 0 -60 48 -46 -2 -45 -64 -40 -5 38 -25 52 -29 38 35 52 11 46 -19 -61 59 20 56 35 -53 5 53 14 -32 32 27 -26 39 46 60 35 59 14 -41 -26 54 -20 -10 -64 -4 64 39 -53 11 30 13 -19 -45 -43 -1 -59 -5 20 -4 -14 2 61 -53 1 63 47 -55 -23 11 -3 -57 35 9 46 16 -39 60 -14 52 -25 5 -17
250 125
-23 -58 15 -34 17 -7 -12 44 53 -24 34 45 26 28 -47 20 6 2 -45 60 -61 5 -32 3 35 24 -43 -41 -15 -38 18 -62 -38 -26 -24 29 61 -8 2 -19 -29 31 -11 0 -34 24 -20 33 43 -25 -3 38 14 35 -52 59 -37 64 -57 57 60 7 -14 -33 -19 -8 -57 49 -64 -19 45 -26 -39 -33 -31 26 11 -16 -53 -62 55 -26 -13 50 -39 25 34 52 -50 -54 -19 42 -44 21 -23 -9 17 -59 -22 56 38 33 -31 -25 -53 45 7 51 47 -6 -54 -11 -34 -1 -39 -50 -51 20 -26 -50 41 51 -48 9 52 -5 -19 -54 -49 -45 26 3 -2 54 57 -50 39 54 51 13 -40 53 10 -60 47 44 -57 -61 12 51 42 -4 -34 -38 -46 42 5 15 29 -63 2 17 -9 41 40 56 49 43 60 63 -38 42 -10 -34 -23 -41 -33 -64 -46 11 -22 -42 42 6 -32 29 34 0 60 -9 37 -33 16 -47 0 -35 27 -45 56 -8 13 -40 -46 28 30 40 57 -44 -14 19 -36 35 -19 -21 -42 7 -9 62 -28 -47 0 0 -56 39 59 25 -10 30 -2 -16 -58 17 36 19 -38 -27 -48 42 57 1 1 -13 -28 -47 -56 -62 24 -8 -2 23
-28 26 -44 -42 -36 -16 38 18 35 35 -42 -20 -28 -13 51 -39 6 23 -23 54 20 3 45 27 -40 -62 -9 -16 57 17 -9 14 -58 -40 -18 -17 -23 40 29 -9 -14 -17 -27 61 5 -26 -35 18 63 -60 -57 -59 53 -16 -50 -30 -4 36 -12 -17 0 28 36 57 -42 -19 -28 58 54 -5 -46 -8 29 64 26 32 -36 -7 58 28 30 60 -49 26 21 21 -25 -10 -46 -2 19 59 60 25 1 62 19 24 -29 -30 -1 -27 -2 6 -53 27 16 -52 -52 -45 -29 -36 -61 18 0 37 -64 -42 -7 -45 -20 -2 -12 -44 32
250 124
-32 41 -50 32 37 -25 3 40 32 -39 33 44 -53 -61 -26 23 43 -26 32 47 -44 34 -50 21 -46 18 56 -53 53 48 6 2 -5 2 43 -8 48 22 -62 -36 -52 -61 -10 16 -31 46 14 29 -48 -36 -16 2 -34 -45 10 -4 46 -15 19 -54 -45 -15 45 -40 -63 53 -54 -22 56 18 8 45 13 -27 49 31 52 38 -4 13 13 -26 16 -50 -3 -45 60 29 5 47 5 -17 -15 36 14 31 28 -14 10 -38 -1 -52 -6 -20 -39 50 -35 53 -6 50 -3 26 -36 63 -47 -53 53 54 -17 -8 -5 -22 -12 2 -55 2 -23 40 17 -24 12 43 -46 -2 23 40 57 -24 58 59 11 57 -43 -60 -36 53 21 14 32 -33 -33 -17 -56 -55 -20 26 42 63 22 -56 35 5 -7 -1 0 -6 -43 0 35 17 -2 58 -37 -44 31 25 -27 52 4 8 -13 -12 -34 34 50 17 12 -51 -58 45 31 -22 38 -11 -34 61 45 64 50 -9 -51 32 -23 27 -62 55 -64 -42 -22 31 -60 57 13 24 22 53 -7 -17 -63 37 32 16 36 -30 -14 10 35 12 30 60 39 63 -10 20 -40 -38 -10 10 -55 6 53 40 39 -37 28 -54 -28 52 25 -62
-28 48 63 40 -53 38 14 30 61 34 -6 -17 -46 -53 30 -34 30 17 -63 -12 -54 -42 35 -33 -23 -26 -43 52 8 -63 43 -21 61 -22 -64 48 -21 52 -56 19 -61 28 -42 -59 0 -38 -21 51 56 18 3 -58 56 47 22 58 0 27 -25 34 -44 -31 -34 6 11 53 -61 -39 -51 18 42 -19 -61 -45 17 -24 34 -63 55 -27 64 11 19 42 -39 -39 46 46 24 -44 -42 21 -48 48 30 -7 -17 8 2 37 10 -55 -23 -25 33 30 -1 -54 37 -25 -22 22 9 19 -16 -61 60 -35 62 41 -58 0 55 -12
250 125
2 -37 -55 -52 -54 48 53 -48 -16 -29 -57 -49 40 0 -53 58 7 20 11 45 39 -33 21 -24 0 56 -19 57 -11 -23 2 -61 20 49 -57 32 26 -41 29 8 -28 39 -52 -37 0 50 16 39 -28 43 43 -32 1 -41 -46 -28 41 -36 13 -10 12 62 52 47 0 -26 49 -47 -55 -30 -54 -7 11 47 20 26 -42 60 -48 -60 -35 -25 -32 30 1 -53 -57 -18 -15 13 56 -61 -42 -2 40 14 -15 -42 19 41 -63 51 19 -16 27 -44 8 -23 -61 -52 -39 -17 1 -28 -46 47 -35 22 -47 -46 -52 32 -23 10 -15 -49 50 -17 16 -33 38 21 36 -7 -13 -2 -24 -52 21 -9 57 -27 8 31 -59 -1 -35 -4 -30 -12 20 -62 41 60 -40 4 29 24 -33 35 -44 35 -14 -62 58 -15 -63 47 27 49 -4 31 18 56 0 14 -5 -58 -46 -32 -43 -58 16 62 6 -24 62 41 -17 -26 27 6 -49 34 37 54 -25 44 19 50 59 -16 -13 -42 12 18 45 -44 39 -11 0 -34 11 -30 13 -59 -35 59 18 48 -48 -42 -12 3 34 -43 -16 42 46 -59 -17 5 -16 6 48 14 -26 -22 3 -55 7 56 -11 -1 12 -38 15 -38 -55 42
5 17 -44 -48 -40 -48 -4 64 -16 -52 -46 -34 -13 4 -50 33 -13 20 38 19 -55 -4 56 -53 -51 30 -56 -38 -60 -60 62 61 -23 36 -56 -8 -58 -40 45 53 -42 -46 20 49 57 -26 38 -15 -46 -26 4 -63 51 -7 -2 61 36 -6 37 13 -50 -42 -42 58 35 22 39 -24 -60 0 26 8 31 -60 51 -21 26 -42 59 20 -38 7 55 40 48 -52 23 21 63 61 -16 12 21 60 24 -40 -64 -28 -60 34 61 -4 -3 21 4 -37 -49 -34 18 34 -13 -32 0 17 -64 -21 56 -21 52 19 0 19 27 -42 34
0 0

